# Occultation Time Intervals
# Source: 250702548
# Coordinates: RA=284.000000, DEC=-7.800000
# Time zero (MET): 773154547.000000
# Columns: Start_Time(MET) End_Time(MET) Duration(s) Start_Time(rel_to_tzero) End_Time(rel_to_tzero)
#
772936610.767575 772938778.392987 2167.625412 -217936.232425 -215768.607013
772942284.693236 772944452.927920 2168.234684 -212262.306764 -210094.072080
772947958.615513 772950127.474900 2168.859386 -206588.384487 -204419.525100
772953632.496597 772955801.989064 2169.492467 -200914.503403 -198745.010936
772959306.347795 772961476.450590 2170.102795 -195240.652205 -193070.549410
772964980.201502 772967150.906238 2170.704736 -189566.798498 -187396.093762
772970654.042676 772972825.359807 2171.317131 -183892.957324 -181721.640193
772976327.861034 772978499.766908 2171.905873 -178219.138966 -176047.233092
772982001.675104 772984174.168277 2172.493173 -172545.324896 -170372.831723
772987675.473252 772989848.544378 2173.071127 -166871.526748 -164698.455622
772993349.183948 772995522.817519 2173.633571 -161197.816052 -159024.182481
772999022.908659 773001197.090390 2174.181732 -155524.091341 -153349.909610
773004696.717354 773006871.447877 2174.730523 -149850.282646 -147675.552123
773010370.595392 773012545.885530 2175.290138 -144176.404608 -142001.114470
773016044.470300 773018220.309598 2175.839299 -138502.529700 -136326.690402
773112498.787316 773109008.319119 -3490.468197 -42048.212684 -45538.680881
773118172.595458 773114682.514081 -3490.081377 -36374.404542 -39864.485919
773123846.360760 773120356.708979 -3489.651781 -30700.639240 -34190.291021
773129520.115865 773126030.869824 -3489.246041 -25026.884135 -28516.130176
773135193.878684 773131704.994365 -3488.884318 -19353.121316 -22842.005635
773140867.620879 773137379.116540 -3488.504339 -13679.379121 -17167.883460
773146541.342680 773143053.231911 -3488.110769 -8005.657320 -11493.768089
773152215.076051 773148727.308347 -3487.767704 -2331.923949 -5819.691653
773157888.785100 773154401.389241 -3487.395859 3341.785100 -145.610759
773163562.413525 773160075.431588 -3486.981937 9015.413525 5528.431588
773169236.077884 773165749.386966 -3486.690918 14689.077884 11202.386966
773174909.842624 773171423.358116 -3486.484509 20362.842624 16876.358116
773180583.677013 773177097.429685 -3486.247328 26036.677013 22550.429685
773186257.498647 773182771.572478 -3485.926169 31710.498647 28224.572478
773191931.301308 773188445.695102 -3485.606206 37384.301308 33898.695102
773282711.620549 773284903.564983 2191.944434 128164.620549 130356.564983
773288385.453189 773290577.540124 2192.086935 133838.453189 136030.540124
773294059.248591 773296251.488072 2192.239481 139512.248591 141704.488072
773299733.047662 773301925.416019 2192.368357 145186.047662 147378.416019
773305406.852957 773307599.344201 2192.491244 150859.852957 153052.344201
773311080.633062 773313273.261867 2192.628805 156533.633062 158726.261867
773316754.398050 773318947.151482 2192.753432 162207.398050 164400.151482
773322428.181018 773324621.063297 2192.882279 167881.181018 170074.063297
773328101.931393 773330294.900232 2192.968839 173554.931393 175747.900232
773333775.613609 773335968.671592 2193.057983 179228.613609 181421.671592
773339449.348718 773341642.479776 2193.131059 184902.348718 187095.479776
773345123.202564 773347316.402311 2193.199747 190576.202564 192769.402311
773350797.114109 773352990.382097 2193.267989 196250.114109 198443.382097
773356471.007240 773358664.337425 2193.330185 201924.007240 204117.337425
773362144.883111 773364338.261023 2193.377912 207597.883111 209791.261023

# Total occultation intervals: 45
# Total occultation time: 13151.163271 seconds
